1000 33 304 123 
1000 124 620 289 
1000 126 702 318 
1000 114 592 273 
1000 108 566 260 
2000 129 709 322 
2000 105 646 285 
2000 105 615 275 
2000 114 603 277 
2000 140 672 317 
3000 129 654 304 
3000 126 656 302 
3000 114 599 275 
3000 97 570 254 
3000 114 641 289 
4000 118 679 305 
4000 117 627 287 
4000 58 382 166 
4000 117 603 279 
4000 114 618 282 
5000 144 697 328 
5000 129 709 322 
5000 117 599 277 
5000 40 310 130 
5000 130 618 292 
6000 138 701 325 
6000 126 654 302 
6000 64 385 171 
6000 50 352 150 
6000 117 608 280 
7000 35 300 123 
7000 32 316 126 
7000 100 614 271 
7000 99 585 261 
7000 129 697 318 
8000 129 649 302 
8000 108 611 275 
8000 118 632 289 
8000 37 303 125 
8000 105 579 263 
9000 40 311 130 
9000 108 590 268 
9000 37 317 130 
9000 78 473 209 
9000 99 575 257 
10000 42 348 144 
10000 129 657 305 
10000 117 586 273 
10000 117 611 281 
10000 97 549 247 
11000 120 652 297 
11000 112 576 266 
11000 118 633 289 
11000 33 320 128 
11000 118 655 297 
12000 144 714 334 
12000 129 683 313 
12000 115 620 283 
12000 120 584 274 
12000 121 640 294 
13000 46 339 143 
13000 118 668 301 
13000 129 609 289 
13000 130 695 318 
13000 99 594 264 
14000 35 311 127 
14000 117 599 277 
14000 122 639 294 
14000 114 629 285 
14000 97 585 259 
15000 132 573 279 
15000 117 569 267 
15000 43 330 138 
15000 32 308 124 
15000 114 673 300 
16000 130 540 266 
16000 108 544 253 
16000 128 544 266 
16000 118 509 248 
16000 127 540 264 
17000 105 527 245 
17000 134 682 316 
17000 118 565 267 
17000 135 714 328 
17000 134 547 271 
18000 131 511 257 
18000 124 702 316 
18000 114 510 246 
18000 128 527 261 
18000 145 474 254 
19000 133 481 249 
19000 115 521 250 
19000 119 605 281 
19000 120 524 254 
19000 118 518 251 
20000 127 506 253 
20000 128 519 258 
20000 84 548 238 
20000 122 514 252 
20000 129 437 231 
