1 104 548 252 
1 140 677 319 
1 114 655 294 
1 139 702 326 
1 107 599 271 
2 129 693 317 
2 126 634 295 
2 108 609 275 
2 114 586 271 
2 106 571 261 
3 81 518 226 
3 126 640 297 
3 99 539 245 
3 118 669 301 
3 117 647 293 
4 128 687 314 
4 143 756 347 
4 108 622 279 
4 117 629 287 
4 129 610 289 
5 36 307 126 
5 105 575 261 
5 126 701 317 
5 126 681 311 
5 129 696 318 
6 114 604 277 
6 118 591 275 
6 108 602 272 
6 117 603 279 
6 114 629 285 
7 117 621 285 
7 114 623 283 
7 46 342 144 
7 115 645 291 
7 117 659 297 
8 126 688 313 
8 114 653 293 
8 115 659 296 
8 144 689 325 
8 129 628 295 
9 126 681 311 
9 118 593 276 
9 129 699 319 
9 126 611 287 
9 118 675 303 
10 117 641 291 
10 105 616 275 
10 61 394 172 
10 129 695 317 
10 129 682 313 
11 129 660 306 
11 129 688 315 
11 114 645 291 
11 117 630 288 
11 108 563 259 
12 99 571 256 
12 129 699 319 
12 126 632 294 
12 114 589 272 
12 96 584 258 
13 126 639 297 
13 129 628 295 
13 117 661 298 
13 97 539 244 
13 78 508 221 
14 129 715 324 
14 118 652 296 
14 118 595 277 
14 118 614 283 
14 118 599 278 
15 108 595 270 
15 129 651 303 
15 114 635 287 
15 129 682 313 
15 48 341 145 
16 129 633 297 
16 129 699 319 
16 105 584 264 
16 118 593 276 
16 108 615 277 
17 118 654 296 
17 129 715 324 
17 117 598 277 
17 114 592 273 
17 114 630 286 
18 118 644 293 
18 162 668 330 
18 90 562 247 
18 36 305 125 
18 118 652 296 
19 129 682 313 
19 126 688 313 
19 129 663 307 
19 108 616 277 
19 99 528 242 
20 129 682 313 
20 108 594 270 
20 59 365 161 
20 114 593 273 
20 129 662 306 
